0 0.638047 0.024067 0.040404 0.026523
0 0.553591 0.036837 0.058923 0.050098
0 0.656285 0.049607 0.051066 0.067780
0 0.936308 0.892436 0.051066 0.116896
0 0.216049 0.066798 0.037037 0.072692
0 0.136083 0.146365 0.039843 0.064833
0 0.280584 0.299116 0.033670 0.079568
0 0.498878 0.143910 0.033670 0.079568
0 0.527497 0.134086 0.033670 0.079568
0 0.552750 0.127210 0.033670 0.079568
0 0.579686 0.188114 0.033670 0.079568
0 0.554433 0.207760 0.033670 0.079568
0 0.531425 0.231336 0.033670 0.079568
0 0.501122 0.253929 0.033670 0.079568
0 0.475309 0.267682 0.033670 0.079568
0 0.439955 0.286346 0.033670 0.079568
0 0.422559 0.312868 0.033670 0.079568
0 0.519080 0.469057 0.033670 0.079568
0 0.490460 0.484774 0.033670 0.079568
0 0.400112 0.553536 0.033670 0.079568
0 0.349046 0.595776 0.033670 0.079568
0 0.301908 0.630157 0.033670 0.079568
0 0.263749 0.661591 0.033670 0.079568
0 0.208754 0.833497 0.033670 0.079568
0 0.167228 0.835462 0.033670 0.079568
0 0.161616 0.725442 0.033670 0.079568
0 0.156566 0.490668 0.033670 0.079568
0 0.185185 0.475933 0.033670 0.079568
0 0.271605 0.399312 0.033670 0.079568
0 0.212121 0.467092 0.033670 0.079568
0 0.233446 0.442534 0.033670 0.079568
0 0.314254 0.357073 0.033670 0.079568
0 0.351291 0.337426 0.033670 0.079568
0 0.378788 0.314833 0.033670 0.079568
0 0.351291 0.730354 0.033670 0.079568
0 0.373737 0.691061 0.033670 0.079568
0 0.398429 0.683202 0.033670 0.079568
0 0.437710 0.653733 0.033670 0.079568
0 0.459035 0.631139 0.033670 0.079568
0 0.494388 0.622299 0.033670 0.079568
0 0.525253 0.585953 0.033670 0.079568
0 0.558361 0.560413 0.033670 0.079568
0 0.585859 0.537819 0.033670 0.079568
0 0.610550 0.520138 0.033670 0.079568
0 0.634119 0.495580 0.033670 0.079568
0 0.679012 0.477898 0.033670 0.079568
0 0.574635 0.405206 0.033670 0.079568
0 0.643659 0.389489 0.033670 0.079568
0 0.559484 0.446464 0.033670 0.079568
0 0.276655 0.771611 0.033670 0.079568
0 0.237374 0.794204 0.033670 0.079568
0 0.308642 0.756876 0.033670 0.079568
0 0.423681 0.905206 0.033670 0.079568
0 0.449495 0.906189 0.033670 0.079568
0 0.484848 0.908153 0.033670 0.079568
0 0.511785 0.882613 0.033670 0.079568
0 0.516274 0.879666 0.044893 0.077603
0 0.546016 0.864931 0.044893 0.077603
0 0.583053 0.830550 0.044893 0.077603
0 0.608866 0.803045 0.044893 0.077603
0 0.678451 0.750982 0.044893 0.077603
0 0.642536 0.763752 0.044893 0.077603
0 0.708193 0.856090 0.044893 0.077603
0 0.745791 0.810904 0.044893 0.077603
0 0.768799 0.792240 0.044893 0.077603
0 0.737374 0.703831 0.044893 0.077603
0 0.700898 0.717583 0.044893 0.077603
0 0.612795 0.917976 0.044893 0.077603
0 0.648148 0.898330 0.044893 0.077603
0 0.677890 0.885560 0.044893 0.077603