0 0.168750 0.410156 0.034375 0.114062
0 0.208594 0.406250 0.035937 0.100000
0 0.242969 0.386719 0.035937 0.110937
0 0.285156 0.371094 0.042188 0.117188
0 0.358594 0.339844 0.035937 0.120313
0 0.392188 0.324219 0.028125 0.117188
0 0.424219 0.315625 0.029687 0.112500
0 0.463281 0.297656 0.029687 0.114062
0 0.525781 0.278125 0.026562 0.115625
0 0.565625 0.264844 0.037500 0.114062
0 0.634375 0.256250 0.031250 0.100000
0 0.707031 0.282031 0.029687 0.107813
0 0.741406 0.313281 0.032813 0.104688
0 0.776563 0.360156 0.037500 0.098437
0 0.807031 0.414844 0.039062 0.082812
0 0.785156 0.609375 0.039062 0.131250
0 0.775000 0.783594 0.037500 0.132812
0 0.767969 0.982812 0.035937 0.031250
0 0.569531 0.844531 0.070312 0.079687
0 0.578906 0.769531 0.082812 0.079687
0 0.585156 0.709375 0.070312 0.087500
0 0.602344 0.639062 0.079687 0.078125
0 0.364844 0.715625 0.095312 0.050000
0 0.375000 0.782813 0.065625 0.034375
0 0.375781 0.845313 0.085938 0.059375
0 0.388281 0.928906 0.082812 0.054688
0 0.578906 0.950000 0.039062 0.081250
