0 0.428410 0.293970 0.133560 0.111558
0 0.299943 0.256784 0.133560 0.111558
0 0.577816 0.367337 0.133560 0.111558
0 0.714205 0.420603 0.133560 0.111558
0 0.889078 0.401508 0.133560 0.111558
0 0.279570 0.823618 0.133560 0.111558
0 0.195246 0.678894 0.133560 0.111558
0 0.215054 0.565327 0.133560 0.111558
0 0.483871 0.782915 0.055461 0.196985
0 0.547255 0.802010 0.055461 0.196985
0 0.607244 0.789950 0.055461 0.196985
0 0.670628 0.770854 0.055461 0.196985
0 0.735144 0.768844 0.055461 0.196985
0 0.899264 0.771859 0.055461 0.196985