0 0.369531 0.028125 0.079687 0.050000
0 0.360938 0.400781 0.084375 0.057813
0 0.574219 0.041406 0.073438 0.051562
0 0.580469 0.110937 0.060937 0.040625
0 0.577344 0.178906 0.085938 0.057813
0 0.592969 0.249219 0.054688 0.045312
0 0.586719 0.328125 0.073438 0.059375
0 0.803906 0.330469 0.039062 0.142187
0 0.895312 0.339844 0.046875 0.148438
0 0.976562 0.346094 0.034375 0.120313
0 0.743750 0.664062 0.046875 0.168750
0 0.752344 0.867969 0.042188 0.170313
0 0.797656 0.672656 0.042188 0.148438
0 0.848437 0.679688 0.043750 0.168750
0 0.947656 0.683594 0.051562 0.157812
0 0.861719 0.899219 0.054688 0.173437
