0 0.164844 0.332031 0.092188 0.107813
0 0.300000 0.350000 0.068750 0.118750
0 0.364844 0.254688 0.067187 0.100000
0 0.448437 0.275000 0.050000 0.112500
0 0.410156 0.392188 0.064062 0.146875
0 0.505469 0.417969 0.079687 0.167187
0 0.623437 0.391406 0.071875 0.142187
0 0.634375 0.267188 0.046875 0.075000
0 0.714063 0.275781 0.037500 0.076563
0 0.757812 0.350000 0.065625 0.143750
0 0.774219 0.545312 0.117188 0.175000
0 0.620313 0.638281 0.121875 0.248438
0 0.071875 0.591406 0.134375 0.176563
0 0.858594 0.818750 0.195312 0.334375
