0 0.821875 0.155469 0.118750 0.157812
0 0.751563 0.264062 0.100000 0.140625
0 0.581250 0.186719 0.109375 0.226562
0 0.520312 0.298438 0.100000 0.218750
0 0.440625 0.356250 0.106250 0.250000
0 0.348438 0.422656 0.093750 0.192188
0 0.278125 0.501563 0.093750 0.215625
0 0.203906 0.585156 0.110937 0.251563
0 0.125781 0.664844 0.107813 0.235937
0 0.046094 0.752344 0.092188 0.176563
0 0.621875 0.441406 0.134375 0.170313
0 0.461719 0.625781 0.142187 0.176563
0 0.264062 0.810937 0.146875 0.165625
0 0.089063 0.958594 0.168750 0.073438
0 0.543750 0.901563 0.140625 0.153125
0 0.763281 0.755469 0.148438 0.129688
