0 0.368750 0.062500 0.037500 0.115625
0 0.428906 0.167187 0.042188 0.190625
0 0.373437 0.262500 0.034375 0.143750
0 0.610156 0.019531 0.076563 0.023438
0 0.650000 0.083594 0.103125 0.064062
0 0.711719 0.439844 0.054688 0.176563
0 0.629687 0.440625 0.043750 0.143750
0 0.556250 0.415625 0.046875 0.193750
0 0.498437 0.389062 0.050000 0.193750
0 0.437500 0.439844 0.037500 0.145313
0 0.359375 0.532031 0.043750 0.167187
0 0.369531 0.757812 0.039062 0.181250
0 0.428906 0.714844 0.039062 0.176563
0 0.567969 0.633594 0.042188 0.185938
0 0.633594 0.635156 0.039062 0.182812
