0 0.307031 0.506250 0.073438 0.178125
0 0.385156 0.489063 0.079687 0.221875
0 0.465625 0.434375 0.081250 0.193750
0 0.551562 0.407031 0.071875 0.167187
0 0.610938 0.344531 0.096875 0.220312
0 0.666406 0.268750 0.095312 0.218750
0 0.731250 0.217188 0.071875 0.178125
0 0.796875 0.154688 0.084375 0.171875
0 0.864062 0.096875 0.109375 0.193750
0 0.928906 0.075781 0.082812 0.145313
0 0.976562 0.203906 0.040625 0.098437
0 0.904687 0.302344 0.121875 0.148438
0 0.738281 0.446875 0.117188 0.115625
0 0.585938 0.586719 0.143750 0.104688
0 0.421094 0.691406 0.151562 0.104688
0 0.868750 0.705469 0.100000 0.101562
0 0.967187 0.540625 0.059375 0.128125
0 0.968750 0.730469 0.050000 0.110937
0 0.955469 0.882031 0.076563 0.195312
0 0.886719 0.917188 0.095312 0.153125
