0 0.812500 0.075926 0.022222 0.058025
0 0.834722 0.105556 0.022222 0.058025
0 0.852778 0.137037 0.025000 0.069136
0 0.298611 0.130864 0.044444 0.091358
0 0.260417 0.192593 0.044444 0.091358
0 0.241667 0.238272 0.044444 0.091358
0 0.230556 0.467901 0.059722 0.034568
0 0.227778 0.738272 0.059722 0.034568
0 0.225000 0.555556 0.059722 0.034568
0 0.375000 0.653704 0.030556 0.112346
0 0.558333 0.737654 0.030556 0.112346
0 0.587500 0.750000 0.030556 0.112346
0 0.636806 0.731481 0.030556 0.112346
0 0.379167 0.387037 0.029167 0.065432
0 0.402778 0.395679 0.029167 0.065432
0 0.419444 0.437654 0.029167 0.065432
0 0.439583 0.457407 0.029167 0.065432