0 0.351147 0.050146 0.056519 0.059396
0 0.758254 0.037975 0.058198 0.044791
0 0.511472 0.209348 0.039172 0.081792
0 0.398993 0.399221 0.068271 0.101266
0 0.451595 0.368062 0.068271 0.101266
0 0.500280 0.344693 0.068271 0.101266
0 0.570789 0.283350 0.068271 0.101266
0 0.625070 0.234664 0.068271 0.101266
0 0.689983 0.196689 0.068271 0.101266
0 0.764410 0.143135 0.068271 0.101266
0 0.819810 0.106134 0.068271 0.101266
0 0.919978 0.399221 0.068271 0.101266
0 0.815893 0.351509 0.068271 0.101266
0 0.904309 0.308666 0.068271 0.101266
0 0.754896 0.382668 0.068271 0.101266
0 0.658646 0.453749 0.068271 0.101266
0 0.590935 0.507303 0.068271 0.101266
0 0.513151 0.582278 0.068271 0.101266
0 0.423615 0.670886 0.068271 0.101266
0 0.446558 0.773126 0.068271 0.101266
0 0.515389 0.704966 0.068271 0.101266
0 0.594292 0.648491 0.068271 0.101266
0 0.720761 0.548199 0.068271 0.101266
0 0.781198 0.511198 0.068271 0.101266
0 0.847230 0.463486 0.068271 0.101266
0 0.679910 0.592989 0.068271 0.101266
0 0.882485 0.715677 0.068271 0.101266
0 0.898993 0.823272 0.071069 0.090555
0 0.942082 0.693768 0.071069 0.090555
0 0.964466 0.752191 0.071069 0.090555
0 0.962787 0.600292 0.071069 0.090555
0 0.817571 0.742941 0.068271 0.101266
0 0.782876 0.779942 0.068271 0.101266
0 0.735870 0.812074 0.068271 0.101266
0 0.698937 0.825706 0.068271 0.101266