0 0.379500 0.034000 0.045500 0.065333
0 0.159375 0.941778 0.094750 0.094222
0 0.190625 0.868444 0.094750 0.094222
0 0.320875 0.864000 0.094750 0.094222
0 0.347875 0.775111 0.094750 0.094222
0 0.380125 0.626222 0.094750 0.094222
0 0.415875 0.517778 0.094750 0.094222
0 0.446625 0.436000 0.094750 0.094222
0 0.556250 0.488889 0.077500 0.149333
0 0.458875 0.056444 0.038750 0.090667
0 0.532875 0.089333 0.038750 0.090667
0 0.498375 0.068000 0.038750 0.090667
0 0.582875 0.119556 0.038750 0.090667
0 0.656375 0.177333 0.038750 0.090667
0 0.714875 0.204889 0.038750 0.090667
0 0.763375 0.254222 0.038750 0.090667
0 0.837375 0.310222 0.038750 0.090667
0 0.910875 0.401778 0.038750 0.090667
0 0.972375 0.565333 0.038750 0.090667
0 0.518250 0.941778 0.105500 0.082667
0 0.705250 0.634667 0.061500 0.129778
0 0.672250 0.696889 0.061500 0.129778
0 0.636250 0.739556 0.061500 0.129778
0 0.587750 0.792889 0.061500 0.129778