0 0.816750 0.354000 0.051500 0.196000
0 0.752500 0.349556 0.051500 0.196000
0 0.704000 0.340222 0.051500 0.196000
0 0.615250 0.373556 0.051500 0.196000
0 0.562000 0.368667 0.051500 0.196000
0 0.501250 0.353556 0.051500 0.196000
0 0.448750 0.356222 0.051500 0.196000
0 0.396750 0.363333 0.051500 0.196000
0 0.299250 0.370444 0.051500 0.196000
0 0.357000 0.368667 0.051500 0.196000
0 0.191750 0.382000 0.051500 0.196000
0 0.242500 0.384667 0.051500 0.196000
0 0.119000 0.800222 0.051500 0.196000
0 0.071000 0.794889 0.051500 0.196000
0 0.025750 0.797556 0.051000 0.196000
0 0.027250 0.367778 0.051500 0.196000
0 0.093250 0.366000 0.051500 0.196000
0 0.149750 0.369556 0.051500 0.196000
0 0.175750 0.782889 0.051500 0.196000
0 0.221250 0.787333 0.051500 0.196000
0 0.275250 0.790444 0.051500 0.196000
0 0.404000 0.721556 0.233000 0.241333