0 0.498875 0.034889 0.123250 0.068889
0 0.308625 0.054222 0.111750 0.082667
0 0.285875 0.215556 0.111750 0.082667
0 0.272125 0.279111 0.111750 0.082667
0 0.257875 0.403111 0.111750 0.082667
0 0.250125 0.483556 0.111750 0.082667
0 0.219625 0.592000 0.111750 0.082667
0 0.219125 0.591111 0.111750 0.082667
0 0.215125 0.660000 0.111750 0.082667
0 0.205375 0.790667 0.111750 0.082667
0 0.180375 0.902222 0.111750 0.082667
0 0.502375 0.958667 0.111750 0.082667
0 0.519125 0.887111 0.111750 0.082667
0 0.501375 0.765333 0.111750 0.082667
0 0.536625 0.348889 0.111750 0.082667
0 0.538125 0.279111 0.111750 0.082667