0 0.039750 0.267778 0.073000 0.070667
0 0.036625 0.374889 0.072750 0.070667
0 0.926125 0.617111 0.147750 0.190667
0 0.225250 0.095556 0.050000 0.181333
0 0.280250 0.161778 0.050000 0.181333
0 0.334250 0.212444 0.050000 0.181333
0 0.386000 0.223111 0.050000 0.181333
0 0.437000 0.261333 0.050000 0.181333
0 0.487000 0.269333 0.050000 0.181333
0 0.541000 0.292000 0.050000 0.181333
0 0.593500 0.292889 0.050000 0.181333
0 0.653250 0.294667 0.050000 0.181333
0 0.704250 0.292000 0.050000 0.181333
0 0.752250 0.307111 0.050000 0.181333
0 0.801750 0.299556 0.050000 0.181333
0 0.863000 0.292889 0.050000 0.181333
0 0.909000 0.302667 0.050000 0.181333
0 0.963250 0.286222 0.050000 0.181333
0 0.843500 0.729778 0.050000 0.181333
0 0.795500 0.739111 0.050000 0.181333
0 0.746000 0.727556 0.050000 0.181333
0 0.687750 0.721333 0.050000 0.181333
0 0.635500 0.722222 0.050000 0.181333
0 0.591750 0.733333 0.050000 0.181333
0 0.533500 0.739111 0.050000 0.181333
0 0.487000 0.747111 0.050000 0.181333
0 0.423750 0.752000 0.050000 0.181333
0 0.303500 0.764889 0.050000 0.181333
0 0.389500 0.762222 0.050000 0.181333
0 0.258000 0.775556 0.050000 0.181333
0 0.204000 0.780889 0.050000 0.181333