0 0.830875 0.282889 0.064250 0.214667
0 0.753375 0.223778 0.064250 0.214667
0 0.670625 0.249111 0.064250 0.214667
0 0.600875 0.255778 0.064250 0.214667
0 0.529375 0.242000 0.064250 0.214667
0 0.462125 0.236667 0.064250 0.214667
0 0.396875 0.236667 0.064250 0.214667
0 0.343625 0.214889 0.064250 0.214667
0 0.297375 0.184222 0.064250 0.214667
0 0.237625 0.153556 0.064250 0.214667
0 0.130375 0.143778 0.064250 0.214667
0 0.363375 0.813111 0.064250 0.214667
0 0.450125 0.826889 0.064250 0.214667
0 0.515375 0.847778 0.064250 0.214667
0 0.580125 0.875778 0.064250 0.214667
0 0.647125 0.880222 0.064250 0.214667