0 0.394625 0.579556 0.064250 0.089778
0 0.461750 0.566222 0.054500 0.040000
0 0.536125 0.573333 0.068750 0.044444
0 0.500500 0.722444 0.168000 0.281333
0 0.601000 0.595778 0.099500 0.068000
0 0.629250 0.598444 0.125500 0.099111
0 0.652750 0.628444 0.105000 0.091556
0 0.730500 0.635333 0.195500 0.166667
0 0.788125 0.649111 0.138250 0.156889
0 0.857375 0.736444 0.193750 0.356444
0 0.977125 0.824000 0.045750 0.264889
0 0.098125 0.641556 0.070250 0.143556
0 0.056625 0.649333 0.086250 0.229333
1 0.693625 0.856889 0.038750 0.049778
1 0.116750 0.680889 0.017000 0.002667
1 0.081375 0.695556 0.016250 0.018667
1 0.514000 0.796222 0.047000 0.024444
1 0.622625 0.722444 0.014250 0.023556