0 0.036375 0.160889 0.060250 0.054222
1 0.319125 0.446222 0.038750 0.040889
1 0.441500 0.564444 0.047000 0.056000
1 0.146125 0.576889 0.073250 0.051556
0 0.124625 0.422889 0.216250 0.457333
0 0.107000 0.143556 0.050500 0.032889
0 0.154250 0.148444 0.098000 0.044444
0 0.187375 0.166222 0.112250 0.088889
0 0.202000 0.197556 0.099500 0.080444
0 0.223000 0.233778 0.101500 0.098667
0 0.275875 0.232889 0.109750 0.135111
0 0.337500 0.248444 0.204000 0.182222
0 0.495375 0.285111 0.295250 0.244889
0 0.625375 0.498222 0.391250 0.359111