0 0.901500 0.376889 0.071000 0.085333
0 0.574375 0.919111 0.066750 0.118222
0 0.570750 0.185333 0.027000 0.040000
0 0.669250 0.338667 0.027000 0.040000
0 0.680500 0.232889 0.027000 0.040000
0 0.698000 0.227111 0.027000 0.040000
0 0.661000 0.212444 0.027000 0.040000
0 0.637250 0.208444 0.027000 0.040000
0 0.623500 0.200889 0.027000 0.040000
0 0.589750 0.193778 0.027000 0.040000
0 0.817000 0.303556 0.027000 0.040000
0 0.792500 0.278667 0.027000 0.040000
0 0.764250 0.280889 0.027000 0.040000
0 0.742500 0.254889 0.032000 0.046667
0 0.673125 0.302444 0.037250 0.054667
0 0.645875 0.295333 0.037250 0.054667
0 0.623125 0.274889 0.037250 0.054667
0 0.588875 0.259333 0.037250 0.054667
0 0.524375 0.234889 0.037250 0.054667
0 0.560875 0.249111 0.037250 0.054667
0 0.510125 0.212222 0.037250 0.054667
0 0.700625 0.315333 0.037250 0.054667
0 0.726875 0.340667 0.037250 0.054667
0 0.756125 0.358000 0.037250 0.054667
0 0.739625 0.378889 0.037250 0.054667
0 0.700875 0.359778 0.037250 0.054667
0 0.700375 0.358889 0.037250 0.054667
0 0.644250 0.328889 0.027000 0.040000
0 0.610750 0.313333 0.027000 0.040000
0 0.612250 0.316889 0.027000 0.040000
0 0.542750 0.273333 0.027000 0.040000
0 0.589625 0.302222 0.032250 0.047111
0 0.566000 0.286222 0.027000 0.040000
0 0.519500 0.261333 0.027000 0.040000
0 0.496500 0.248444 0.027000 0.040000
0 0.471750 0.238667 0.027000 0.040000
0 0.389750 0.256000 0.034000 0.043556
0 0.364250 0.281333 0.034000 0.043556
0 0.393500 0.318667 0.034000 0.043556
0 0.421250 0.281333 0.034000 0.043556
0 0.441000 0.325778 0.034000 0.043556
0 0.454500 0.304000 0.034000 0.043556
0 0.482250 0.339556 0.034000 0.043556
0 0.470000 0.357778 0.034000 0.043556
0 0.496250 0.362667 0.034000 0.043556
0 0.530750 0.415556 0.034000 0.043556
0 0.596000 0.408444 0.034000 0.043556
0 0.580500 0.451111 0.034000 0.043556
0 0.603000 0.463111 0.034000 0.043556
0 0.625000 0.493333 0.034000 0.043556
0 0.630500 0.431556 0.034000 0.043556
0 0.669750 0.472000 0.034000 0.043556
0 0.669250 0.471111 0.034000 0.043556
0 0.560750 0.372889 0.034000 0.043556
0 0.531250 0.367111 0.034000 0.043556
0 0.562500 0.418667 0.034000 0.043556
0 0.653875 0.502444 0.039750 0.069778
0 0.372250 0.411111 0.027500 0.044444
0 0.485000 0.601333 0.027500 0.044444
0 0.460250 0.574667 0.027500 0.044444
0 0.432500 0.560444 0.027500 0.044444
0 0.502250 0.522222 0.027500 0.044444
0 0.473750 0.506222 0.027500 0.044444
0 0.456750 0.493778 0.027500 0.044444
0 0.434000 0.481778 0.027500 0.044444
0 0.404750 0.524889 0.027500 0.044444
0 0.385000 0.412889 0.027500 0.044444
0 0.412000 0.459111 0.027500 0.044444
0 0.395250 0.429333 0.027500 0.044444
0 0.546750 0.650222 0.027500 0.044444
0 0.507500 0.612000 0.027500 0.044444
0 0.579250 0.586667 0.027500 0.044444
0 0.554000 0.567556 0.027500 0.044444
0 0.534500 0.544000 0.027500 0.044444