0 0.194750 0.285111 0.061000 0.101778
0 0.240250 0.292667 0.061000 0.101778
0 0.316000 0.333111 0.061000 0.101778
0 0.386750 0.380667 0.061000 0.101778
0 0.420500 0.415778 0.061000 0.101778
0 0.458250 0.441111 0.061000 0.101778
0 0.526500 0.485556 0.061000 0.101778
0 0.543000 0.566444 0.061000 0.101778
0 0.586250 0.615333 0.061000 0.101778
0 0.624500 0.657111 0.061000 0.101778
0 0.656750 0.729556 0.061000 0.101778
0 0.708250 0.800222 0.061000 0.101778
0 0.421000 0.949111 0.061000 0.101778
0 0.363750 0.910889 0.061000 0.101778
0 0.306750 0.882000 0.061000 0.101778
0 0.284250 0.814000 0.061000 0.101778
0 0.241500 0.754889 0.061000 0.101778
0 0.205250 0.733111 0.061000 0.101778
0 0.169500 0.681556 0.061000 0.101778
0 0.133250 0.638000 0.061000 0.101778
0 0.110250 0.604667 0.061000 0.101778
0 0.076000 0.556222 0.061000 0.101778
0 0.058750 0.522889 0.061000 0.101778
0 0.037750 0.467333 0.061000 0.101778
0 0.032750 0.718889 0.061000 0.101778
0 0.080250 0.833111 0.061000 0.101778
0 0.126500 0.867333 0.061000 0.101778
0 0.161750 0.915778 0.061000 0.101778
0 0.210250 0.949111 0.061000 0.101778
0 0.269000 0.949111 0.061000 0.101778
0 0.269500 0.949111 0.061000 0.101778