1 0.200125 0.591333 0.034750 0.017333
1 0.083375 0.588222 0.027750 0.021778
1 0.387500 0.658222 0.072500 0.039111
1 0.660500 0.649111 0.049000 0.022667
1 0.977000 0.653778 0.044500 0.035556
0 0.282000 0.522889 0.052500 0.110667
0 0.389000 0.591111 0.181500 0.360000
0 0.620875 0.588222 0.204750 0.337333
0 0.858000 0.590000 0.284000 0.288444
0 0.961875 0.464222 0.076250 0.204000
0 0.695125 0.497333 0.033750 0.059556
0 0.493125 0.537778 0.042750 0.120889
0 0.102125 0.559778 0.109750 0.148000
0 0.054875 0.536222 0.109250 0.148000
0 0.181750 0.539556 0.028500 0.073778