0 0.061838 0.095850 0.047911 0.173913
0 0.215599 0.733202 0.047911 0.173913
0 0.570474 0.377470 0.047911 0.173913
0 0.520334 0.360672 0.047911 0.173913
0 0.462953 0.350791 0.047911 0.173913
0 0.417270 0.331028 0.047911 0.173913
0 0.369916 0.321146 0.047911 0.173913
0 0.313092 0.317194 0.047911 0.173913
0 0.196100 0.305336 0.047911 0.173913
0 0.143175 0.305336 0.047911 0.173913
0 0.045682 0.271739 0.047911 0.173913
0 0.265181 0.111660 0.047911 0.173913
0 0.170474 0.102767 0.047911 0.173913
0 0.118106 0.087451 0.047911 0.172925
0 0.509192 0.773715 0.047911 0.173913
0 0.446797 0.762846 0.047911 0.173913
0 0.335376 0.733202 0.047911 0.173913
0 0.387187 0.756917 0.047911 0.173913
0 0.279109 0.746047 0.047911 0.173913
0 0.798886 0.828063 0.047911 0.173913
0 0.694708 0.801383 0.047911 0.173913
0 0.627855 0.769763 0.047911 0.173913
0 0.561560 0.779644 0.047911 0.173913
0 0.862396 0.830040 0.047911 0.173913
0 0.932033 0.833992 0.047911 0.173913
0 0.925905 0.968874 0.057939 0.062253