0 0.022905 0.089744 0.036872 0.167653
0 0.074860 0.092209 0.049162 0.144970
0 0.179330 0.083333 0.049162 0.144970
0 0.053073 0.284024 0.052514 0.175542
0 0.107821 0.283037 0.052514 0.175542
0 0.228492 0.282051 0.052514 0.175542
0 0.279888 0.275148 0.052514 0.175542
0 0.337430 0.273176 0.052514 0.175542
0 0.400559 0.290927 0.052514 0.175542
0 0.451955 0.294872 0.052514 0.175542
0 0.498324 0.299803 0.052514 0.175542
0 0.153631 0.732742 0.052514 0.175542
0 0.205587 0.730769 0.052514 0.175542
0 0.262570 0.703156 0.052514 0.175542
0 0.322346 0.715976 0.052514 0.175542
0 0.382123 0.722880 0.052514 0.175542
0 0.449162 0.713018 0.052514 0.175542
0 0.506145 0.711045 0.052514 0.175542
0 0.573743 0.703156 0.052514 0.175542
0 0.753631 0.720907 0.052514 0.175542
0 0.573184 0.701183 0.052514 0.175542
0 0.645251 0.724852 0.052514 0.175542
0 0.823464 0.722880 0.052514 0.175542
0 0.887151 0.710059 0.052514 0.175542
0 0.891061 0.912229 0.052514 0.175542