0 0.642750 0.027556 0.050500 0.047111
0 0.516000 0.020444 0.045000 0.040000
0 0.495875 0.054222 0.090250 0.055111
0 0.495375 0.053333 0.090250 0.055111
0 0.494875 0.052444 0.090250 0.055111
0 0.257875 0.754000 0.217250 0.212000
0 0.321375 0.609333 0.206750 0.115556
0 0.391625 0.506000 0.172250 0.122222
0 0.415750 0.417556 0.157500 0.123111
0 0.495625 0.231111 0.090250 0.055111
0 0.460500 0.350889 0.147000 0.095556
0 0.482625 0.285333 0.141250 0.096000
0 0.495125 0.200444 0.090250 0.055111
0 0.488875 0.172444 0.090250 0.055111
0 0.486875 0.124444 0.090250 0.055111
0 0.716750 0.071556 0.095500 0.079111
0 0.734250 0.123556 0.095500 0.079111
0 0.750250 0.168889 0.095500 0.079111
0 0.761000 0.208889 0.095500 0.079111
0 0.784500 0.247111 0.095500 0.079111
0 0.798750 0.284889 0.095500 0.079111
0 0.805000 0.312889 0.095500 0.079111
0 0.838750 0.364000 0.095500 0.079111
0 0.903875 0.454444 0.160750 0.092889
0 0.919625 0.538889 0.160750 0.092889