0 0.575000 0.221875 0.078125 0.159375
0 0.655469 0.203906 0.092188 0.151562
0 0.967187 0.492969 0.050000 0.185938
0 0.973437 0.090625 0.043750 0.168750
0 0.975781 0.742188 0.035937 0.200000
0 0.979688 0.957031 0.037500 0.076563
0 0.685156 0.667188 0.095312 0.075000
0 0.478906 0.698438 0.060937 0.128125
0 0.260156 0.498437 0.101562 0.071875
0 0.132812 0.507031 0.128125 0.057813
0 0.042969 0.693750 0.054688 0.228125
0 0.116406 0.671875 0.051562 0.143750
0 0.181250 0.686719 0.043750 0.201563
0 0.246094 0.707812 0.045312 0.203125
0 0.309375 0.677344 0.043750 0.189062
0 0.363281 0.635156 0.039062 0.189062
