0 0.050000 0.237500 0.040625 0.165625
0 0.153125 0.254688 0.040625 0.146875
0 0.244531 0.267969 0.035937 0.123438
0 0.307812 0.267188 0.034375 0.165625
0 0.976562 0.334375 0.037500 0.103125
0 0.028906 0.603906 0.054688 0.164062
0 0.021094 0.820312 0.035937 0.162500
0 0.146875 0.607031 0.043750 0.148438
0 0.243750 0.607812 0.031250 0.153125
0 0.301563 0.587500 0.034375 0.165625
0 0.353125 0.600781 0.031250 0.157812
0 0.296875 0.805469 0.037500 0.185938
0 0.348438 0.784375 0.040625 0.159375
0 0.451562 0.599219 0.028125 0.148438
0 0.502344 0.591406 0.035937 0.173437
0 0.497656 0.800000 0.045312 0.178125
0 0.545312 0.617969 0.028125 0.120313
0 0.591406 0.619531 0.039062 0.154688
0 0.595313 0.817969 0.046875 0.151562
0 0.637500 0.617188 0.034375 0.131250
0 0.682813 0.620313 0.037500 0.140625
0 0.692187 0.788281 0.043750 0.126562
0 0.725000 0.612500 0.031250 0.131250
0 0.765625 0.618750 0.034375 0.112500
0 0.903906 0.635156 0.045312 0.148438
0 0.950781 0.633594 0.035937 0.129688
0 0.983594 0.633594 0.026562 0.107813
0 0.929688 0.828125 0.050000 0.156250
0 0.737500 0.792188 0.037500 0.165625
0 0.790625 0.795312 0.040625 0.156250
