0 0.311719 0.074219 0.132812 0.070312
0 0.639844 0.046875 0.098437 0.065625
0 0.642188 0.155469 0.084375 0.057813
0 0.655469 0.260156 0.120313 0.073438
0 0.320312 0.187500 0.084375 0.065625
0 0.324219 0.292187 0.117188 0.065625
0 0.338281 0.410156 0.129688 0.067187
0 0.446875 0.542188 0.040625 0.200000
0 0.455469 0.764062 0.039062 0.181250
0 0.382812 0.943750 0.096875 0.075000
0 0.356250 0.846875 0.103125 0.081250
0 0.336719 0.749219 0.104688 0.076563
0 0.350000 0.628125 0.118750 0.075000
0 0.355469 0.520312 0.082812 0.062500
