0 0.293750 0.146875 0.115625 0.071875
0 0.293750 0.283594 0.137500 0.085938
0 0.597656 0.186719 0.039062 0.210938
0 0.440625 0.414062 0.040625 0.206250
0 0.671875 0.441406 0.115625 0.076563
0 0.676562 0.561719 0.137500 0.079687
0 0.697656 0.678125 0.098437 0.078125
0 0.691406 0.797656 0.104688 0.067187
0 0.693750 0.920312 0.143750 0.096875
0 0.315625 0.850000 0.134375 0.075000
0 0.325781 0.965625 0.135937 0.062500
0 0.317188 0.717969 0.093750 0.067187
0 0.323437 0.596094 0.134375 0.082812
0 0.314063 0.466406 0.156250 0.085938
