0 0.683594 0.143750 0.054688 0.065625
0 0.953906 0.035156 0.032813 0.057813
0 0.978125 0.160938 0.037500 0.103125
0 0.267188 0.320312 0.043750 0.121875
0 0.184375 0.392188 0.050000 0.115625
0 0.113281 0.459375 0.035937 0.109375
0 0.060156 0.619531 0.085938 0.070312
0 0.121094 0.951562 0.051562 0.090625
0 0.171875 0.907031 0.043750 0.095312
0 0.217969 0.846094 0.048438 0.139063
0 0.262500 0.795312 0.037500 0.118750
0 0.302344 0.749219 0.048438 0.117188
0 0.350781 0.721094 0.039062 0.117188
0 0.435937 0.640625 0.037500 0.131250
0 0.522656 0.606250 0.032813 0.118750
0 0.569531 0.568750 0.035937 0.081250
