0 0.313281 0.087500 0.120313 0.081250
0 0.585938 0.121875 0.037500 0.203125
0 0.647656 0.334375 0.114062 0.071875
0 0.653906 0.442188 0.123438 0.075000
0 0.677344 0.542188 0.076563 0.062500
0 0.667188 0.648438 0.087500 0.059375
0 0.668750 0.748437 0.121875 0.081250
0 0.434375 0.937500 0.040625 0.109375
0 0.352344 0.937500 0.085938 0.062500
0 0.346094 0.821875 0.123438 0.078125
0 0.339062 0.707812 0.121875 0.071875
0 0.339062 0.597656 0.087500 0.064062
0 0.343750 0.485938 0.131250 0.071875
0 0.449219 0.316406 0.048438 0.185938
0 0.334375 0.365625 0.140625 0.084375
0 0.316406 0.207031 0.117188 0.076563
