0 0.864844 0.253125 0.107813 0.078125
0 0.698438 0.134375 0.062500 0.171875
0 0.636719 0.185156 0.048438 0.139063
0 0.573438 0.240625 0.056250 0.193750
0 0.515625 0.284375 0.056250 0.159375
0 0.455469 0.331250 0.054688 0.193750
0 0.391406 0.339062 0.060937 0.153125
0 0.216406 0.430469 0.054688 0.192188
0 0.147656 0.430469 0.039062 0.170313
0 0.081250 0.464062 0.043750 0.137500
0 0.027344 0.515625 0.048438 0.168750
0 0.764844 0.578125 0.114062 0.087500
0 0.696094 0.771094 0.054688 0.173437
0 0.582031 0.850781 0.054688 0.189062
0 0.526563 0.878906 0.065625 0.207813
0 0.463281 0.905469 0.060937 0.167187
