0 0.359375 0.028125 0.034375 0.046875
0 0.257812 0.019531 0.034375 0.035937
0 0.457031 0.028906 0.032813 0.048438
0 0.741406 0.068750 0.076563 0.062500
0 0.050000 0.303906 0.037500 0.120313
0 0.092969 0.313281 0.029687 0.120313
0 0.143750 0.330469 0.034375 0.164062
0 0.296875 0.338281 0.028125 0.129688
0 0.349219 0.348438 0.029687 0.140625
0 0.507812 0.346094 0.028125 0.154688
0 0.558594 0.334375 0.023438 0.143750
0 0.247656 0.505469 0.032813 0.114062
0 0.400781 0.548438 0.029687 0.146875
0 0.446094 0.555469 0.029687 0.148438
0 0.733594 0.882812 0.092188 0.065625
0 0.729688 0.964844 0.103125 0.051562
