0 0.537500 0.094531 0.087500 0.107813
0 0.835156 0.453125 0.095312 0.071875
0 0.460156 0.387500 0.085938 0.059375
0 0.453125 0.688281 0.103125 0.060937
0 0.224219 0.686719 0.101562 0.060937
0 0.221094 0.783594 0.098437 0.064062
0 0.102344 0.796875 0.076563 0.062500
0 0.107813 0.892188 0.090625 0.068750
0 0.100000 0.294531 0.087500 0.060937
0 0.110156 0.395313 0.095312 0.056250
0 0.217969 0.389844 0.073438 0.051562
0 0.217969 0.489844 0.079687 0.060937
0 0.110156 0.489844 0.098437 0.060937
0 0.109375 0.591406 0.100000 0.057813
0 0.219531 0.589063 0.082812 0.062500
