0 0.073438 0.263281 0.103125 0.064062
0 0.087500 0.359375 0.100000 0.056250
0 0.189062 0.360156 0.075000 0.045312
0 0.185938 0.460156 0.081250 0.060937
0 0.076563 0.456250 0.103125 0.065625
0 0.083594 0.556250 0.092188 0.056250
0 0.067187 0.760938 0.087500 0.068750
0 0.077344 0.857812 0.095312 0.059375
0 0.189844 0.747656 0.101562 0.054688
0 0.196094 0.656250 0.101562 0.056250
0 0.189062 0.560156 0.084375 0.054688
0 0.424219 0.358594 0.082812 0.054688
0 0.507812 0.067969 0.068750 0.098437
0 0.797656 0.426563 0.073438 0.056250
