0 0.603750 0.127333 0.076500 0.067111
0 0.607250 0.196222 0.076500 0.067111
0 0.610750 0.244222 0.076500 0.067111
0 0.612000 0.547333 0.076500 0.067111
0 0.602500 0.732222 0.076500 0.067111
0 0.594500 0.425556 0.076500 0.067111
0 0.607250 0.367778 0.076500 0.067111
0 0.607250 0.304222 0.076500 0.067111
0 0.359250 0.946889 0.076500 0.067111
0 0.390500 0.878889 0.076500 0.067111
0 0.406750 0.813111 0.076500 0.067111
0 0.414000 0.754000 0.076500 0.067111
0 0.429750 0.682444 0.076500 0.067111
0 0.435750 0.614000 0.076500 0.067111
0 0.454750 0.514000 0.076500 0.067111
0 0.454500 0.391778 0.076500 0.067111
0 0.457750 0.333556 0.076500 0.067111
0 0.461500 0.276222 0.076500 0.067111
0 0.458750 0.223333 0.076500 0.067111
0 0.465000 0.048667 0.076500 0.067111
0 0.466750 0.014000 0.053500 0.027111
0 0.461750 0.114889 0.076500 0.067111
0 0.603500 0.484222 0.076500 0.067111
0 0.603500 0.851778 0.076500 0.067111
0 0.606250 0.786889 0.076500 0.067111
0 0.608250 0.668667 0.076500 0.067111