0 0.595125 0.173111 0.084750 0.069778
0 0.434125 0.165111 0.088250 0.069778
0 0.432625 0.280222 0.088250 0.069778
0 0.422375 0.354000 0.088250 0.069778
0 0.425875 0.429556 0.088250 0.069778
0 0.425375 0.485111 0.088250 0.069778
0 0.408625 0.776222 0.088250 0.069778
0 0.394375 0.942000 0.088250 0.069778
0 0.610375 0.242000 0.084750 0.069778
0 0.618625 0.306444 0.084750 0.069778
0 0.616875 0.393556 0.084750 0.069778
0 0.610625 0.513111 0.084750 0.069778
0 0.616125 0.592222 0.084750 0.069778
0 0.620125 0.662889 0.084750 0.069778
0 0.603375 0.741556 0.084750 0.069778
0 0.621625 0.826889 0.084750 0.069778
0 0.618375 0.899778 0.084750 0.069778
0 0.628625 0.965111 0.084750 0.069778