0 0.136719 0.285938 0.035937 0.131250
0 0.222656 0.274219 0.035937 0.129688
0 0.396875 0.253125 0.037500 0.121875
0 0.964063 0.191406 0.025000 0.126562
0 0.982812 0.451562 0.028125 0.109375
0 0.942187 0.472656 0.040625 0.126562
0 0.757031 0.485156 0.032813 0.139063
0 0.711719 0.497656 0.032813 0.126562
0 0.637500 0.518750 0.040625 0.146875
0 0.480469 0.517188 0.032813 0.131250
0 0.208594 0.572656 0.032813 0.095312
0 0.131250 0.575000 0.034375 0.140625
0 0.081250 0.576562 0.040625 0.140625
0 0.086719 0.736719 0.042188 0.129688
0 0.173437 0.726562 0.028125 0.118750
0 0.215625 0.720313 0.031250 0.128125
0 0.295312 0.705469 0.025000 0.120313
0 0.333594 0.708594 0.032813 0.132812
0 0.486719 0.678125 0.032813 0.118750
