0 0.164844 0.553906 0.051562 0.210938
0 0.085156 0.750781 0.042188 0.170313
0 0.269531 0.565625 0.042188 0.137500
0 0.203906 0.760938 0.035937 0.175000
0 0.259375 0.773438 0.037500 0.178125
0 0.365625 0.775781 0.031250 0.170313
0 0.420312 0.795312 0.040625 0.184375
0 0.632812 0.577344 0.034375 0.167187
0 0.627344 0.799219 0.039062 0.176563
0 0.843750 0.624219 0.040625 0.198437
0 0.983594 0.610156 0.023438 0.170313
0 0.550000 0.201563 0.037500 0.181250
0 0.475781 0.187500 0.035937 0.178125
0 0.315625 0.170313 0.040625 0.181250
0 0.204687 0.163281 0.040625 0.185938
