0 0.242969 0.438281 0.073438 0.048438
0 0.256250 0.589844 0.081250 0.048438
0 0.267188 0.783594 0.071875 0.042188
0 0.267969 0.858594 0.067187 0.048438
0 0.271094 0.150781 0.032813 0.132812
0 0.420312 0.158594 0.075000 0.045312
0 0.417187 0.301563 0.068750 0.050000
0 0.428125 0.433594 0.065625 0.048438
0 0.432031 0.632812 0.067187 0.040625
0 0.443750 0.764062 0.071875 0.040625
0 0.620313 0.733594 0.031250 0.123438
0 0.699219 0.730469 0.032813 0.117188
0 0.866406 0.712500 0.026562 0.118750
0 0.559375 0.975000 0.031250 0.043750
0 0.609375 0.975000 0.034375 0.046875
0 0.940625 0.946094 0.034375 0.092188
