0 0.421094 0.146094 0.079687 0.039062
0 0.517188 0.122656 0.081250 0.039062
0 0.549219 0.342187 0.073438 0.040625
0 0.450781 0.297656 0.054688 0.035937
0 0.476562 0.687500 0.078125 0.059375
0 0.572656 0.655469 0.070312 0.045312
0 0.485938 0.772656 0.087500 0.045312
0 0.497656 0.845313 0.060937 0.043750
0 0.503125 0.922656 0.078125 0.045312
0 0.600781 0.901563 0.085938 0.056250
0 0.304688 0.819531 0.078125 0.051562
0 0.757031 0.600781 0.082812 0.042188
0 0.706250 0.059375 0.081250 0.046875
0 0.712500 0.207031 0.075000 0.045312
0 0.726562 0.286719 0.081250 0.064062
0 0.743750 0.441406 0.078125 0.054688
0 0.832812 0.337500 0.084375 0.046875
0 0.827344 0.256250 0.076563 0.056250
0 0.808594 0.179688 0.092188 0.050000
0 0.803125 0.106250 0.081250 0.050000
