0 0.631250 0.289062 0.037500 0.150000
0 0.680469 0.297656 0.032813 0.120313
0 0.753906 0.308594 0.029687 0.123438
0 0.800781 0.312500 0.032813 0.143750
0 0.863281 0.318750 0.032813 0.087500
0 0.031250 0.568750 0.043750 0.175000
0 0.021094 0.790625 0.035937 0.181250
0 0.126562 0.814844 0.040625 0.170313
0 0.085156 0.593750 0.032813 0.137500
0 0.142187 0.603906 0.043750 0.164062
0 0.194531 0.602344 0.032813 0.132812
0 0.246094 0.600781 0.035937 0.154688
0 0.297656 0.594531 0.029687 0.142187
0 0.346875 0.603906 0.034375 0.123438
0 0.239063 0.782813 0.034375 0.134375
0 0.294531 0.787500 0.045312 0.159375
0 0.356250 0.799219 0.040625 0.167187
0 0.518750 0.614062 0.037500 0.159375
0 0.566406 0.617188 0.035937 0.118750
0 0.611719 0.617969 0.032813 0.120313
0 0.654687 0.625000 0.031250 0.137500
0 0.518750 0.825781 0.037500 0.173437
0 0.703125 0.780469 0.037500 0.114062
0 0.785156 0.775000 0.039062 0.150000
