0 0.721375 0.020667 0.029250 0.028000
0 0.542750 0.687556 0.026000 0.042667
0 0.710750 0.662444 0.030500 0.068000
0 0.682750 0.670000 0.030500 0.068000
0 0.655750 0.677111 0.030500 0.068000
0 0.625250 0.676667 0.030500 0.068000
0 0.606250 0.683333 0.030500 0.068000
0 0.591500 0.678889 0.030500 0.068000
0 0.480875 0.062444 0.041750 0.057333
0 0.759625 0.046889 0.071750 0.066222
0 0.792625 0.156667 0.071750 0.066222
0 0.500375 0.177556 0.071750 0.066222
0 0.499625 0.222889 0.071750 0.066222
0 0.495625 0.361111 0.071750 0.066222
0 0.488125 0.314889 0.071750 0.066222
0 0.497125 0.398000 0.071750 0.066222