0 0.125417 0.534449 0.106229 0.190945
0 0.977475 0.030512 0.043938 0.053150
0 0.974138 0.594488 0.051724 0.161417
0 0.933815 0.693898 0.096774 0.251969
0 0.842603 0.708661 0.096774 0.251969
0 0.764182 0.735236 0.096774 0.251969
0 0.610122 0.914370 0.156841 0.135827
0 0.438821 0.932087 0.156841 0.135827
0 0.348721 0.577756 0.100111 0.177165
0 0.412125 0.490157 0.100111 0.177165
0 0.513904 0.344488 0.100111 0.177165
0 0.551168 0.279528 0.100111 0.177165
0 0.607898 0.187008 0.100111 0.177165
0 0.670189 0.119094 0.100111 0.177165