0 0.440750 0.051778 0.079000 0.066222
0 0.438750 0.114444 0.079000 0.066222
0 0.440500 0.185111 0.079000 0.066222
0 0.443500 0.250000 0.079000 0.066222
0 0.444000 0.329111 0.079000 0.066222
0 0.448000 0.410444 0.079000 0.066222
0 0.444500 0.466444 0.079000 0.066222
0 0.443000 0.556222 0.079000 0.066222
0 0.424250 0.797556 0.079000 0.066222
0 0.628750 0.427778 0.079000 0.066222
0 0.632500 0.495778 0.079000 0.066222
0 0.642250 0.714444 0.079000 0.066222
0 0.644750 0.797556 0.079000 0.066222
0 0.656500 0.961111 0.079000 0.066222