0 0.746875 0.288000 0.118750 0.134222
0 0.874750 0.576444 0.146000 0.128889
0 0.837000 0.097333 0.072500 0.137778
0 0.741500 0.084667 0.102000 0.148889
0 0.653250 0.161778 0.056000 0.207111
0 0.583250 0.202667 0.056000 0.207111
0 0.516000 0.219556 0.056000 0.207111
0 0.443750 0.262222 0.056000 0.207111
0 0.382000 0.309333 0.056000 0.207111
0 0.302250 0.313778 0.056000 0.207111
0 0.242000 0.325778 0.056000 0.207111
0 0.164000 0.328444 0.056000 0.207111
0 0.088750 0.348889 0.056000 0.207111
0 0.031250 0.380000 0.056000 0.207111
0 0.487000 0.896444 0.056000 0.207111
0 0.556750 0.895556 0.056000 0.207111
0 0.632250 0.882667 0.056000 0.207111
0 0.705750 0.884889 0.056000 0.207111
0 0.790000 0.831556 0.056000 0.207111