0 0.382750 0.127333 0.299000 0.173778
0 0.025250 0.020667 0.045000 0.031556
0 0.085000 0.018000 0.045000 0.031556
0 0.143750 0.016000 0.045000 0.031111
0 0.283000 0.033556 0.045000 0.031556
0 0.209500 0.024667 0.045000 0.031556
0 0.040250 0.432889 0.050500 0.217778
0 0.071125 0.509778 0.078750 0.227556
0 0.140000 0.580000 0.064500 0.261333
0 0.212750 0.655556 0.076000 0.215111
0 0.305500 0.721333 0.094500 0.259556
0 0.731125 0.288444 0.159250 0.140444
0 0.734875 0.436889 0.159250 0.140444
0 0.735875 0.708889 0.159250 0.140444