0 0.988875 0.551778 0.022250 0.079556
0 0.977875 0.306000 0.044250 0.148889
0 0.934625 0.313556 0.044250 0.148889
0 0.878375 0.317111 0.044250 0.148889
0 0.825875 0.313556 0.044250 0.148889
0 0.775375 0.304667 0.044250 0.148889
0 0.723375 0.298444 0.044250 0.148889
0 0.670375 0.300222 0.044250 0.148889
0 0.619375 0.281111 0.044250 0.148889
0 0.567875 0.265556 0.044250 0.148889
0 0.505125 0.234889 0.044250 0.148889
0 0.454125 0.220667 0.044250 0.148889
0 0.396125 0.194444 0.044250 0.148889
0 0.327125 0.758444 0.044250 0.148889
0 0.348375 0.099333 0.044250 0.148889
0 0.376375 0.766889 0.044250 0.148889
0 0.428125 0.750444 0.044250 0.148889
0 0.510375 0.751333 0.044250 0.148889
0 0.564375 0.725111 0.044250 0.148889
0 0.618875 0.728667 0.044250 0.148889
0 0.664875 0.734000 0.044250 0.148889
0 0.717875 0.734000 0.044250 0.148889
0 0.769375 0.747333 0.044250 0.148889
0 0.820875 0.730000 0.044250 0.148889
0 0.869875 0.726444 0.044250 0.148889
0 0.914875 0.712667 0.044250 0.148889
0 0.972125 0.722000 0.044250 0.148889
0 0.144125 0.274222 0.109250 0.072889
0 0.138375 0.357778 0.109250 0.072889