0 0.396625 0.123111 0.033750 0.089778
0 0.488875 0.088444 0.033750 0.089778
0 0.285875 0.218222 0.033750 0.089778
0 0.236875 0.279556 0.033750 0.089778
0 0.260875 0.532889 0.033750 0.089778
0 0.291375 0.515111 0.033750 0.089778
0 0.321625 0.493333 0.033750 0.089778
0 0.333875 0.474222 0.033750 0.089778
0 0.340625 0.400889 0.033750 0.089778
0 0.378375 0.456000 0.033750 0.089778
0 0.406875 0.421778 0.033750 0.089778
0 0.440125 0.397333 0.033750 0.089778
0 0.471875 0.369333 0.033750 0.089778
0 0.521875 0.339556 0.033750 0.089778
0 0.518875 0.278667 0.033750 0.089778
0 0.472375 0.289333 0.033750 0.089778
0 0.540375 0.319556 0.033750 0.089778
0 0.605625 0.418667 0.033750 0.089778
0 0.568375 0.471111 0.033750 0.089778
0 0.535625 0.496444 0.033750 0.089778
0 0.504875 0.518222 0.033750 0.089778
0 0.482375 0.541333 0.033750 0.089778
0 0.714375 0.884000 0.033750 0.089778
0 0.577250 0.102667 0.042000 0.050667
0 0.579750 0.137333 0.042000 0.050667
0 0.588000 0.182667 0.042000 0.050667
0 0.591500 0.200000 0.042000 0.050667
0 0.734750 0.806222 0.042000 0.050667
0 0.579625 0.540889 0.033750 0.089778
0 0.525375 0.584000 0.033750 0.089778
0 0.561125 0.552444 0.033750 0.089778
0 0.486125 0.603111 0.033750 0.089778
0 0.452875 0.638222 0.033750 0.089778
0 0.432375 0.648444 0.033750 0.089778
0 0.405875 0.667556 0.033750 0.089778
0 0.383125 0.686667 0.033750 0.089778
0 0.357625 0.711111 0.033750 0.089778
0 0.330625 0.732889 0.033750 0.089778
0 0.303625 0.753778 0.033750 0.089778
0 0.288875 0.755556 0.033750 0.089778
0 0.441875 0.792889 0.033750 0.089778
0 0.487375 0.786667 0.033750 0.089778
0 0.527625 0.752889 0.033750 0.089778
0 0.561375 0.725778 0.033750 0.089778
0 0.555375 0.794889 0.028750 0.119556
0 0.591875 0.711111 0.033750 0.089778
0 0.625625 0.696000 0.033750 0.089778
0 0.632875 0.749333 0.033750 0.089778
0 0.606875 0.778222 0.033750 0.089778
0 0.594125 0.786222 0.033750 0.089778