0 0.573438 0.157812 0.087500 0.062500
0 0.403125 0.016406 0.037500 0.035937
0 0.726562 0.074219 0.056250 0.070312
0 0.403906 0.145313 0.035937 0.137500
0 0.344531 0.521094 0.101562 0.051562
0 0.565625 0.378906 0.078125 0.054688
0 0.564063 0.232031 0.071875 0.048438
0 0.570312 0.457813 0.090625 0.062500
0 0.569531 0.537500 0.082812 0.062500
0 0.574219 0.619531 0.070312 0.057813
0 0.571094 0.704688 0.095312 0.065625
0 0.583594 0.801562 0.067187 0.050000
0 0.571875 0.885938 0.084375 0.075000
0 0.821094 0.892188 0.039062 0.175000
0 0.936719 0.896094 0.054688 0.173437
0 0.324219 0.974219 0.095312 0.042188
