0 0.345000 0.100000 0.048000 0.101333
0 0.875000 0.253333 0.048000 0.101333
0 0.811500 0.200444 0.048000 0.101333
0 0.736250 0.152889 0.048000 0.101333
0 0.676250 0.139111 0.048000 0.101333
0 0.632500 0.144444 0.048000 0.101333
0 0.586000 0.122667 0.048000 0.101333
0 0.526250 0.114667 0.048000 0.101333
0 0.481250 0.100889 0.048000 0.101333
0 0.444750 0.119111 0.048000 0.101333
0 0.415000 0.119111 0.048000 0.101333
0 0.375750 0.106667 0.048000 0.101333
0 0.900000 0.330222 0.048000 0.101333
0 0.610375 0.739111 0.060250 0.138667
0 0.458000 0.927333 0.075000 0.103556
0 0.347625 0.836667 0.087750 0.066222
0 0.465875 0.587778 0.087750 0.066222
0 0.459875 0.644667 0.087750 0.066222
0 0.467875 0.712667 0.087750 0.066222
0 0.447375 0.798889 0.087750 0.066222
0 0.339875 0.933111 0.087750 0.066222
0 0.485375 0.330444 0.087750 0.066222
0 0.475625 0.412667 0.087750 0.066222
0 0.474125 0.473556 0.087750 0.066222
0 0.693875 0.455556 0.062750 0.090667
0 0.669875 0.500000 0.062750 0.090667
0 0.656625 0.545333 0.062750 0.090667
0 0.629625 0.606222 0.062750 0.090667