0 0.316115 0.064878 0.121280 0.080976
0 0.156092 0.049756 0.207748 0.083902
0 0.250983 0.980976 0.117911 0.038049
0 0.252106 0.868780 0.112296 0.079024
0 0.358787 0.854146 0.062886 0.225366
0 0.427288 0.834634 0.062886 0.225366
0 0.491859 0.822927 0.062886 0.225366
0 0.555306 0.799512 0.062886 0.225366
0 0.619315 0.822927 0.062886 0.225366
0 0.674902 0.788780 0.062886 0.225366
0 0.738349 0.772195 0.062886 0.225366
0 0.738911 0.769268 0.062886 0.225366
0 0.809096 0.758537 0.062886 0.225366
0 0.883773 0.737073 0.062886 0.225366