0 0.140782 0.100295 0.105028 0.157325
0 0.093296 0.153392 0.105028 0.157325
0 0.052514 0.225172 0.103911 0.157325
0 0.019274 0.345624 0.029609 0.091445
0 0.034358 0.793019 0.053073 0.122911
0 0.133240 0.659292 0.060894 0.223206
0 0.215363 0.656342 0.060894 0.223206
0 0.305307 0.618977 0.060894 0.223206
0 0.399721 0.590462 0.060894 0.223206
0 0.535754 0.037365 0.058101 0.058997
0 0.594413 0.054081 0.119553 0.088496
0 0.645251 0.116028 0.119553 0.088496
0 0.697765 0.170108 0.119553 0.088496
0 0.793296 0.314651 0.113966 0.157325
0 0.857542 0.451327 0.113966 0.157325
0 0.873743 0.567355 0.113966 0.157325
0 0.881564 0.890855 0.113966 0.157325
0 0.793296 0.967552 0.074860 0.064897