0 0.369531 0.187500 0.048438 0.171875
0 0.267188 0.292187 0.121875 0.084375
0 0.539844 0.171875 0.039062 0.150000
0 0.587500 0.167969 0.037500 0.182812
0 0.420312 0.546875 0.106250 0.065625
0 0.578906 0.537500 0.110937 0.071875
0 0.279687 0.758594 0.050000 0.214062
0 0.367188 0.728125 0.046875 0.203125
0 0.446094 0.725781 0.048438 0.173437
0 0.509375 0.728906 0.046875 0.173437
0 0.576562 0.726562 0.043750 0.200000
0 0.636719 0.699219 0.045312 0.204687
0 0.699219 0.714844 0.045312 0.170313
0 0.756250 0.735156 0.040625 0.167187
0 0.823438 0.747656 0.046875 0.167187
0 0.885938 0.778906 0.050000 0.189062
