0 0.244245 0.328373 0.113419 0.103175
0 0.183043 0.623016 0.113419 0.103175
0 0.174060 0.728175 0.113419 0.103175
0 0.255474 0.842262 0.113419 0.103175
0 0.359349 0.343254 0.113419 0.103175
0 0.476698 0.359127 0.113419 0.103175
0 0.619876 0.390873 0.113419 0.103175
0 0.767546 0.337302 0.113419 0.103175
0 0.433184 0.771329 0.064570 0.169643
0 0.493262 0.763393 0.064570 0.169643
0 0.549972 0.758433 0.064570 0.169643
0 0.602190 0.724702 0.064570 0.169643
0 0.657777 0.716766 0.064570 0.169643
0 0.816115 0.649306 0.064570 0.169643