0 0.142737 0.090954 0.103352 0.138643
0 0.090223 0.148968 0.103352 0.138643
0 0.051676 0.232547 0.102235 0.138643
0 0.015084 0.340708 0.029050 0.061947
0 0.033799 0.798427 0.058659 0.098328
0 0.531006 0.044739 0.048603 0.071780
0 0.588547 0.070796 0.079888 0.116028
0 0.640503 0.130777 0.079888 0.116028
0 0.696927 0.165192 0.079888 0.116028
0 0.795251 0.314159 0.114525 0.183874
0 0.839385 0.452802 0.114525 0.183874
0 0.876816 0.585546 0.114525 0.183874
0 0.894972 0.869715 0.170950 0.197640
0 0.807263 0.977876 0.075978 0.044248
0 0.130447 0.679449 0.074302 0.224189
0 0.210894 0.666667 0.074302 0.224189
0 0.307542 0.636185 0.074302 0.224189
0 0.398045 0.581121 0.074302 0.224189