0 0.878156 0.885119 0.050494 0.086905
0 0.565038 0.035714 0.030187 0.069048
0 0.539243 0.043452 0.030187 0.070238
0 0.509056 0.062500 0.030187 0.070238
0 0.487651 0.075595 0.030187 0.070238
0 0.448134 0.105357 0.030187 0.070238
0 0.420692 0.138690 0.030187 0.070238
0 0.399835 0.164881 0.030187 0.070238
0 0.368551 0.194643 0.030187 0.070238
0 0.344951 0.216071 0.030187 0.070238
0 0.313117 0.252976 0.030187 0.070238
0 0.260428 0.161310 0.030187 0.070238
0 0.259879 0.301786 0.030187 0.070238
0 0.229144 0.349405 0.030187 0.070238
0 0.202799 0.358929 0.030187 0.070238
0 0.173161 0.375595 0.030187 0.070238
0 0.145719 0.401786 0.030187 0.070238
0 0.154501 0.697024 0.030187 0.070238
0 0.177003 0.813690 0.030187 0.070238
0 0.211581 0.794643 0.030187 0.070238
0 0.236828 0.762500 0.030187 0.070238
0 0.267563 0.739881 0.030187 0.070238
0 0.252744 0.612500 0.030187 0.070238
0 0.312020 0.576786 0.030187 0.070238
0 0.340011 0.532738 0.030187 0.070238
0 0.387761 0.477976 0.030187 0.070238
0 0.472283 0.393452 0.030187 0.070238
0 0.497530 0.376786 0.030187 0.070238
0 0.538694 0.354167 0.030187 0.070238
0 0.559001 0.338690 0.030187 0.070238
0 0.613337 0.263690 0.030187 0.070238
0 0.306531 0.691071 0.030187 0.070238
0 0.327936 0.679167 0.030187 0.070238
0 0.359221 0.661310 0.030187 0.070238
0 0.391054 0.635119 0.030187 0.070238
0 0.415752 0.620833 0.030187 0.070238
0 0.497530 0.829167 0.030187 0.070238
0 0.472283 0.876786 0.030187 0.070238
0 0.439352 0.864881 0.030187 0.070238
0 0.419594 0.891071 0.030187 0.070238
0 0.648463 0.399405 0.030187 0.070238
0 0.589188 0.449405 0.030187 0.070238
0 0.615532 0.418452 0.030187 0.070238
0 0.559001 0.464881 0.030187 0.070238
0 0.531559 0.504167 0.030187 0.070238
0 0.501921 0.499405 0.030187 0.070238
0 0.477772 0.545833 0.030187 0.070238
0 0.446487 0.576786 0.030187 0.070238
0 0.612788 0.875595 0.030187 0.070238
0 0.583699 0.879167 0.030187 0.070238
0 0.578760 0.760119 0.030187 0.070238
0 0.560099 0.783929 0.030187 0.070238
0 0.526345 0.801786 0.028540 0.067857
0 0.606202 0.717262 0.030187 0.070238
0 0.644072 0.863690 0.030187 0.070238
0 0.667673 0.837500 0.030187 0.070238
0 0.697859 0.658929 0.030187 0.070238
0 0.670966 0.654167 0.030187 0.070238
0 0.644621 0.716071 0.030187 0.070238
0 0.722558 0.763690 0.030187 0.070238
0 0.694018 0.799405 0.030187 0.070238