0 0.294531 0.390625 0.045312 0.168750
0 0.125000 0.752344 0.087500 0.189062
0 0.030469 0.778906 0.054688 0.185938
0 0.348438 0.382031 0.034375 0.139063
0 0.413281 0.369531 0.039062 0.154688
0 0.479687 0.407813 0.037500 0.206250
0 0.660156 0.405469 0.045312 0.179688
0 0.724219 0.418750 0.042188 0.206250
0 0.785156 0.401562 0.048438 0.178125
0 0.862500 0.392969 0.059375 0.214062
0 0.933594 0.367188 0.057813 0.184375
0 0.975000 0.845313 0.046875 0.087500
0 0.910937 0.948438 0.056250 0.081250
0 0.780469 0.947656 0.045312 0.095312
0 0.716406 0.943750 0.054688 0.096875
0 0.649219 0.955469 0.064062 0.079687
