0 0.478125 0.045312 0.050000 0.059375
0 0.463281 0.117969 0.057813 0.067187
0 0.450781 0.200000 0.048438 0.056250
0 0.432812 0.244531 0.050000 0.048438
0 0.427344 0.292187 0.057813 0.037500
0 0.407031 0.332031 0.042188 0.051562
0 0.392188 0.383594 0.050000 0.051562
0 0.384375 0.438281 0.046875 0.051562
0 0.360156 0.472656 0.032813 0.054688
0 0.348438 0.527344 0.037500 0.054688
0 0.322656 0.561719 0.048438 0.051562
0 0.057031 0.947656 0.051562 0.067187
0 0.375781 0.589844 0.039062 0.070312
0 0.416406 0.500781 0.032813 0.076563
0 0.447656 0.396875 0.026562 0.084375
0 0.482031 0.281250 0.029687 0.075000
0 0.509375 0.175000 0.034375 0.090625
0 0.584375 0.200000 0.031250 0.075000
0 0.588281 0.304688 0.045312 0.056250
0 0.576562 0.356250 0.040625 0.043750
0 0.571094 0.407031 0.051562 0.045312
0 0.555469 0.446875 0.045312 0.050000
0 0.487500 0.437500 0.028125 0.065625
0 0.534375 0.348438 0.021875 0.087500
0 0.372656 0.743750 0.064062 0.037500
0 0.368750 0.809375 0.062500 0.031250
0 0.360156 0.880469 0.064062 0.032813
0 0.334375 0.940625 0.056250 0.037500
