0 0.380992 0.140923 0.059643 0.089268
0 0.278428 0.634403 0.059643 0.089268
0 0.713768 0.045135 0.059643 0.088265
0 0.679766 0.048646 0.059643 0.089268
0 0.643534 0.068706 0.059643 0.089268
0 0.628484 0.085757 0.059643 0.089268
0 0.581104 0.106820 0.059643 0.089268
0 0.554905 0.125878 0.059643 0.089268
0 0.537068 0.150953 0.059643 0.089268
0 0.501951 0.175025 0.059643 0.089268
0 0.469621 0.209127 0.059643 0.089268
0 0.426143 0.225176 0.059643 0.089268
0 0.382107 0.254263 0.059643 0.089268
0 0.345318 0.300401 0.059643 0.089268
0 0.306856 0.302407 0.059643 0.089268
0 0.283445 0.328485 0.059643 0.089268
0 0.247213 0.356570 0.059643 0.089268
0 0.310201 0.725677 0.059643 0.089268
0 0.713768 0.415747 0.059643 0.089268
0 0.562152 0.536108 0.059643 0.089268
0 0.499721 0.594283 0.059643 0.089268
0 0.460702 0.619358 0.059643 0.089268
0 0.426700 0.632397 0.059643 0.089268
0 0.399944 0.656469 0.059643 0.089268
0 0.368172 0.685557 0.059643 0.089268
0 0.620680 0.489970 0.059643 0.089268
0 0.767837 0.245236 0.059643 0.089268
0 0.712096 0.282347 0.059643 0.089268
0 0.655240 0.330491 0.059643 0.089268
0 0.683668 0.317452 0.059643 0.089268
0 0.616221 0.347543 0.059643 0.089268
0 0.523133 0.421765 0.059643 0.089268
0 0.468506 0.480943 0.059643 0.089268
0 0.436176 0.503009 0.059643 0.089268
0 0.375975 0.535105 0.059643 0.089268
0 0.564939 0.804915 0.059643 0.089268
0 0.766165 0.373621 0.059643 0.089268
0 0.799610 0.354564 0.059643 0.089268
0 0.736622 0.391675 0.059643 0.089268
0 0.649108 0.469408 0.057414 0.088265
0 0.667503 0.426780 0.059643 0.089268
0 0.650780 0.766800 0.059643 0.089268
0 0.742754 0.662487 0.059643 0.089268
0 0.708473 0.696088 0.043478 0.104313
0 0.684783 0.731695 0.059643 0.089268
0 0.620680 0.764794 0.059643 0.089268
0 0.583333 0.763791 0.059643 0.089268
0 0.854794 0.711635 0.059643 0.089268
0 0.830268 0.734704 0.059643 0.089268
0 0.776756 0.807924 0.059643 0.089268
0 0.742196 0.795888 0.059643 0.089268
0 0.862040 0.572217 0.059643 0.089268
0 0.831382 0.609328 0.059643 0.089268
0 0.798495 0.628385 0.059643 0.089268
0 0.801282 0.766800 0.059643 0.089268
0 0.892698 0.693581 0.059643 0.089268