0 0.610375 0.610444 0.216250 0.202222
0 0.767375 0.409778 0.064750 0.211556
0 0.968625 0.273333 0.058250 0.165333
0 0.915125 0.283556 0.058250 0.165333
0 0.826375 0.294667 0.058250 0.165333
0 0.663625 0.292000 0.058250 0.165333
0 0.614125 0.287111 0.058250 0.165333
0 0.559125 0.289778 0.058250 0.165333
0 0.507375 0.302222 0.058250 0.165333
0 0.459375 0.299556 0.058250 0.165333
0 0.402375 0.313333 0.058250 0.165333
0 0.353875 0.319556 0.058250 0.165333
0 0.302125 0.296000 0.058250 0.165333
0 0.251125 0.287111 0.058250 0.165333
0 0.205625 0.284444 0.058250 0.165333
0 0.152625 0.255556 0.058250 0.165333
0 0.100625 0.258222 0.058250 0.165333
0 0.038125 0.226222 0.058250 0.165333
0 0.029125 0.737778 0.057750 0.165333
0 0.075375 0.727556 0.058250 0.165333
0 0.119875 0.725778 0.058250 0.165333
0 0.167875 0.726667 0.058250 0.165333
0 0.236625 0.727556 0.058250 0.165333
0 0.283625 0.731111 0.058250 0.165333
0 0.342875 0.705333 0.058250 0.165333
0 0.400625 0.732000 0.058250 0.165333
0 0.436375 0.715556 0.058250 0.165333
0 0.495125 0.727111 0.058250 0.165333